215100016
215100023
215100115
215100133
215100135
215100186
215100193
215100240
215100274
215100386
215100403
215100418
215100498
215100739
215100769
215100785
215101019
215101109
215101278
215101331
215101607
215101696
215102083
215102107
215102567
215102568
215102826
215102992
215103088
215103104
215103118
215103147
215103336
215103403
215103413
215103414
215200005
215200008
215200013
215200019
215200023
215200036
215200067
215200069
215200084
215200088
215200108
215200114
215200137
215200164
215200191
215200193
215200271
215200291
215200296
215200303
215200322
215200373
215200438
215200491
215200509
215200513
215200523
215200524
215200527
215200548
215200550
215200553
215200638
215200670
215200700
215200730
215200782
215200788
215200794
215200797
215200861
215200863
215200887
215200901
215200910
215200912
215201024
215201056
215201076
215201078
215201089
215201135
215201179
215201194
215201195
215201196
215201197
215201198
215201199
215201201
215201202
215201204
215100001
215100002
215100016
215100023
215100115
215100133
215100135
215100186
215100193
215100240
215100274
215100386
215100403
215100418
215100498
215100739
215100769
215100785
215101019
215101109
215101278
215101331
215101607
215101696
215102083
215102107
215102567
215102568
215102826
215102992
215103088
215103104
215103118
215103147
215103336
215103403
215103413
215103414
215103416
215103417
215103418
215200005
215200008
215200013
215200019
215200023
215200036
215200067
215200069
215200084
215200088
215200108
215200114
215200137
215200164
215200191
215200193
215200271
215200291
215200296
215200303
215200322
215200373
215200438
215200491
215200509
215200513
215200523
215200524
215200527
215200548
215200550
215200553
215200638
215200670
215200700
215200730
215200782
215200788
215200794
215200797
215200861
215200863
215200887
215200901
215200910
215200912
215201024
215201056
215201076
215201078
215201089
215201135
215201179
215201194
215201195
215201196
215201197
215201198
215201199
215201201
215201202
215201204
215201208
215100065
215100124
215100168
215100202
215100253
215100264
215100266
215100282
215100286
215100301
215100324
215100339
215100344
215100353
215100378
215100382
215100388
215100433
215100470
215100501
215100527
215100558
215100559
215100567
215100636
215100650
215100653
215100664
215100682
215100690
215100701
215100710
215100747
215100754
215100810
215100825
215100836
215100837
215100848
215100853
215100858
215100876
215100917
215100923
215100978
215100997
215101009
215101010
215101078
215101102
215101103
215101128
215101146
215101147
215101150
215101158
215101195
215101197
215101207
215101215
215101219
215101227
215101260
215101267
215101274
215101276
215101294
215101304
215101311
215101312
215101313
215101319
215101355
215101363
215101376
215101389
215101391
215101393
215101399
215101404
215101418
215101434
215101442
215101479
215101482
215101510
215101513
215101520
215101521
215101552
215101553
215101558
215101576
215101587
215101591
215101598
215101609
215101614
215101632
215101639
215101641
215101652
215101665
215101674
215101706
215101712
215101720
215101726
215101746
215101889
215101925
215101941
215101976
215102074
215102079
215102365
215103096
215103123
215103318
215103341
215103405
215103408
215103415
215200009
215200010
215200021
215200030
215200037
215200049
215200051
215200082
215200102
215200174
215200227
215200285
215200286
215200309
215200310
215200383
215200401
215200488
215200597
215200621
215200664
215200715
215200726
215200812
215200858
215200862
215200923
215200925
215201008
215201127
215201160
215201200
215201209
215201210
215101707
215101724
215101757
215101781
215101821
215101892
215102042
215102147
215102165
215102194
215102277
215102343
215102368
215103098
215103138
215103349
215103406
215103411
215200011
215200024
215200039
215200054
215200066
215200170
215200177
215200207
215200287
215200384
215200424
215200429
215200489
215200609
215200680
215200740
215200850
215200905
215201015
215201023
215201104
215201139
215201205
215101708
215101739
215101741
215101753
215101759
215101761
215101762
215101763
215101777
215101778
215101784
215101789
215101792
215101797
215101805
215101810
215101815
215101828
215101849
215101853
215101875
215101876
215101883
215101885
215101898
215101905
215101906
215101911
215101918
215101922
215101923
215101928
215101930
215101934
215101946
215101948
215101950
215101956
215101958
215101961
215101996
215102002
215102021
215102026
215102036
215102038
215102039
215102041
215102049
215102052
215102057
215102060
215102061
215102062
215102067
215102069
215102085
215102086
215102095
215102105
215102108
215102111
215102117
215102121
215102138
215102139
215102140
215102141
215102164
215102179
215102181
215102190
215102199
215102200
215102214
215102227
215102234
215102239
215102257
215102259
215102260
215102263
215102268
215102293
215102299
215102305
215102306
215102311
215102320
215102322
215102333
215102336
215102339
215102341
215102344
215102345
215102347
215102348
215102349
215102358
215102360
215102367
215102369
215102370
215102372
215102374
215102375
215102378
215102386
215102387
215102391
215102392
215102401
215102402
215102403
215102404
215102406
215102411
215102414
215102416
215102419
215102420
215102422
215102425
215102426
215102427
215102432
215102437
215102439
215102441
215102442
215102443
215102444
215102445
215102447
215102449
215102452
215102459
215102465
215102468
215102469
215102473
215102474
215102477
215102478
215102488
215102492
215102494
215102495
215102498
215102500
215102502
215102504
215102509
215102512
215102513
215102515
215102518
215102519
215102526
215102527
215102528
215102529
215102534
215102536
215102537
215102540
215102541
215102548
215102553
215102554
215102555
215102557
215102561
215102571
215102573
215102574
215102577
215102578
215102580
215102583
215102584
215102586
215102590
215102593
215102594
215102595
215102596
215102597
215102599
215102601
215102602
215102603
215102606
215102608
215102610
215102613
215102617
215102620
215102621
215102623
215102630
215102633
215102635
215102637
215102639
215102645
215102646
215102647
215102651
215102654
215102656
215102657
215102658
215102659
215102661
215102665
215102666
215102668
215102672
215102673
215102675
215102677
215102678
215102686
215102687
215102692
215102695
215102699
215102701
215102703
215102706
215102711
215102712
215102713
215102716
215102717
215102718
215102719
215102721
215102726
215102728
215102733
215102741
215102749
215102750
215102751
215102752
215102753
215102760
215102765
215102766
215102767
215102771
215102773
215102774
215102776
215102777
215102779
215102782
215102783
215102785
215102789
215102794
215102797
215102799
215102800
215102801
215102803
215102805
215102806
215102809
215102812
215102815
215102816
215102824
215102829
215102831
215102834
215102836
215102837
215102838
215102839
215102841
215102846
215102850
215102851
215102852
215102853
215102854
215102856
215102857
215102860
215102862
215102866
215102867
215102868
215102869
215102871
215102879
215102881
215102887
215102890
215102892
215102893
215102894
215102895
215102896
215102897
215102905
215102906
215102907
215102908
215102913
215102915
215102917
215102921
215102923
215102924
215102927
215102930
215102934
215102936
215102941
215102943
215102945
215102946
215102948
215102949
215102952
215102954
215102956
215102958
215102963
215102964
215102966
215102970
215102974
215102976
215102978
215102983
215102984
215102985
215102986
215102987
215102993
215102994
215102995
215102998
215103001
215103006
215103007
215103009
215103010
215103011
215103013
215103014
215103016
215103020
215103021
215103025
215103027
215103029
215103030
215103031
215103032
215103033
215103034
215103036
215103039
215103040
215103042
215103043
215103046
215103052
215103053
215103054
215103056
215103057
215103058
215103059
215103060
215103062
215103069
215103071
215103074
215103075
215103078
215103079
215103083
215103086
215103087
215103089
215103094
215103097
215103100
215103102
215103105
215103107
215103108
215103109
215103111
215103114
215103115
215103119
215103120
215103125
215103126
215103129
215103133
215103134
215103139
215103141
215103142
215103143
215103144
215103145
215103146
215103148
215103149
215103151
215103152
215103153
215103154
215103156
215103157
215103159
215103160
215103161
215103162
215103163
215103165
215103166
215103167
215103169
215103170
215103171
215103173
215103175
215103176
215103179
215103180
215103181
215103182
215103185
215103186
215103188
215103189
215103194
215103195
215103196
215103197
215103198
215103199
215103200
215103201
215103203
215103205
215103206
215103207
215103210
215103211
215103212
215103213
215103215
215103217
215103219
215103222
215103223
215103224
215103225
215103226
215103228
215103229
215103230
215103231
215103232
215103233
215103234
215103235
215103237
215103238
215103239
215103240
215103241
215103243
215103244
215103246
215103247
215103248
215103249
215103251
215103252
215103254
215103256
215103259
215103260
215103262
215103265
215103268
215103269
215103273
215103275
215103277
215103278
215103279
215103280
215103291
215103292
215103294
215103295
215103296
215103298
215103300
215103301
215103302
215103304
215103305
215103306
215103307
215103308
215103309
215103310
215103311
215103312
215103314
215103315
215103316
215103317
215103320
215103321
215103322
215103323
215103324
215103326
215103327
215103328
215103329
215103330
215103331
215103332
215103334
215103335
215103337
215103338
215103339
215103340
215103342
215103343
215103344
215103346
215103348
215103350
215103351
215103352
215103353
215103354
215103356
215103357
215103358
215103359
215103360
215103361
215103362
215103364
215103365
215103366
215103367
215103368
215103369
215103370
215103371
215103372
215103373
215103374
215103375
215103376
215103378
215103379
215103380
215103381
215103382
215103383
215103384
215103385
215103386
215103387
215103388
215103389
215103391
215103392
215103393
215103394
215103395
215103396
215103397
215103399
215103400
215103401
215103402
215103404
215103407
215103409
215103410
215103412
215200003
215200012
215200015
215200022
215200025
215200026
215200027
215200031
215200038
215200040
215200041
215200042
215200043
215200046
215200048
215200050
215200053
215200055
215200056
215200057
215200058
215200059
215200060
215200061
215200062
215200063
215200064
215200065
215200068
215200070
215200071
215200073
215200074
215200075
215200077
215200078
215200079
215200080
215200081
215200083
215200085
215200086
215200087
215200089
215200090
215200091
215200092
215200093
215200095
215200096
215200098
215200099
215200101
215200103
215200104
215200105
215200106
215200112
215200117
215200118
215200122
215200125
215200126
215200127
215200128
215200129
215200130
215200131
215200132
215200134
215200136
215200138
215200139
215200140
215200141
215200143
215200144
215200145
215200147
215200148
215200149
215200150
215200151
215200152
215200153
215200154
215200158
215200159
215200160
215200161
215200163
215200165
215200168
215200169
215200171
215200172
215200173
215200176
215200181
215200182
215200186
215200187
215200188
215200189
215200190
215200194
215200195
215200196
215200197
215200198
215200199
215200200
215200201
215200202
215200204
215200205
215200206
215200208
215200209
215200210
215200212
215200213
215200214
215200215
215200216
215200217
215200218
215200219
215200220
215200221
215200222
215200223
215200225
215200228
215200230
215200232
215200233
215200234
215200235
215200236
215200237
215200239
215200241
215200242
215200243
215200246
215200247
215200248
215200251
215200254
215200255
215200257
215200259
215200260
215200261
215200262
215200263
215200264
215200265
215200266
215200267
215200269
215200270
215200272
215200273
215200275
215200277
215200280
215200282
215200283
215200284
215200288
215200290
215200292
215200293
215200294
215200295
215200297
215200298
215200299
215200301
215200302
215200304
215200307
215200308
215200311
215200312
215200313
215200314
215200316
215200317
215200318
215200319
215200320
215200323
215200324
215200326
215200328
215200330
215200331
215200332
215200334
215200336
215200337
215200338
215200339
215200342
215200343
215200344
215200349
215200350
215200351
215200352
215200353
215200354
215200355
215200356
215200357
215200358
215200360
215200361
215200362
215200363
215200364
215200366
215200367
215200368
215200369
215200370
215200371
215200372
215200374
215200375
215200376
215200377
215200378
215200379
215200380
215200381
215200382
215200385
215200386
215200389
215200392
215200393
215200394
215200395
215200396
215200397
215200400
215200402
215200403
215200404
215200405
215200406
215200407
215200408
215200409
215200410
215200411
215200412
215200414
215200415
215200416
215200417
215200418
215200419
215200423
215200426
215200427
215200428
215200430
215200431
215200432
215200433
215200434
215200435
215200436
215200437
215200439
215200440
215200441
215200443
215200444
215200445
215200446
215200447
215200448
215200449
215200450
215200451
215200452
215200453
215200454
215200455
215200456
215200457
215200458
215200459
215200461
215200462
215200463
215200465
215200466
215200467
215200468
215200469
215200470
215200473
215200474
215200475
215200476
215200477
215200478
215200479
215200480
215200481
215200482
215200483
215200485
215200486
215200487
215200490
215200492
215200493
215200494
215200495
215200496
215200497
215200499
215200501
215200502
215200503
215200504
215200506
215200507
215200508
215200511
215200512
215200515
215200516
215200517
215200518
215200519
215200520
215200521
215200522
215200525
215200526
215200528
215200529
215200532
215200533
215200534
215200535
215200537
215200538
215200539
215200540
215200541
215200542
215200543
215200544
215200545
215200547
215200549
215200551
215200552
215200555
215200557
215200558
215200559
215200561
215200562
215200563
215200564
215200565
215200566
215200567
215200568
215200569
215200570
215200572
215200573
215200574
215200575
215200576
215200578
215200579
215200580
215200581
215200582
215200584
215200586
215200587
215200588
215200589
215200590
215200591
215200592
215200593
215200596
215200598
215200599
215200600
215200601
215200602
215200603
215200604
215200605
215200606
215200607
215200610
215200611
215200612
215200614
215200615
215200616
215200617
215200618
215200619
215200620
215200622
215200623
215200624
215200625
215200627
215200628
215200629
215200631
215200632
215200634
215200635
215200637
215200639
215200640
215200641
215200643
215200644
215200645
215200646
215200647
215200648
215200650
215200651
215200652
215200653
215200654
215200655
215200656
215200657
215200658
215200659
215200660
215200661
215200662
215200666
215200667
215200669
215200673
215200674
215200676
215200677
215200678
215200679
215200681
215200682
215200683
215200684
215200685
215200687
215200688
215200690
215200691
215200692
215200693
215200694
215200695
215200697
215200699
215200701
215200703
215200704
215200705
215200706
215200707
215200708
215200709
215200710
215200711
215200712
215200713
215200714
215200717
215200718
215200719
215200720
215200721
215200722
215200723
215200724
215200725
215200727
215200728
215200731
215200732
215200733
215200736
215200738
215200739
215200741
215200742
215200743
215200744
215200745
215200746
215200749
215200750
215200751
215200752
215200753
215200754
215200755
215200756
215200757
215200758
215200759
215200760
215200761
215200762
215200763
215200764
215200765
215200766
215200767
215200768
215200769
215200770
215200771
215200772
215200773
215200774
215200775
215200776
215200777
215200778
215200779
215200780
215200781
215200783
215200784
215200785
215200786
215200787
215200789
215200791
215200792
215200793
215200795
215200796
215200798
215200799
215200800
215200801
215200802
215200803
215200805
215200806
215200807
215200808
215200809
215200810
215200811
215200813
215200814
215200815
215200816
215200817
215200818
215200819
215200820
215200821
215200822
215200824
215200825
215200826
215200827
215200828
215200829
215200830
215200831
215200832
215200833
215200834
215200835
215200836
215200837
215200838
215200839
215200840
215200841
215200842
215200843
215200844
215200846
215200847
215200848
215200849
215200851
215200852
215200853
215200854
215200855
215200856
215200857
215200859
215200860
215200865
215200866
215200867
215200868
215200870
215200871
215200872
215200874
215200875
215200876
215200877
215200878
215200879
215200880
215200881
215200882
215200883
215200885
215200886
215200888
215200893
215200894
215200895
215200897
215200898
215200899
215200900
215200902
215200903
215200906
215200907
215200908
215200909
215200911
215200913
215200914
215200915
215200916
215200917
215200918
215200919
215200920
215200921
215200922
215200924
215200927
215200928
215200929
215200930
215200932
215200933
215200934
215200935
215200936
215200937
215200938
215200939
215200940
215200941
215200942
215200943
215200944
215200945
215200946
215200947
215200948
215200949
215200950
215200951
215200952
215200953
215200954
215200955
215200956
215200957
215200958
215200960
215200961
215200962
215200963
215200965
215200966
215200967
215200969
215200970
215200971
215200972
215200973
215200974
215200975
215200976
215200977
215200978
215200979
215200980
215200981
215200982
215200984
215200985
215200986
215200987
215200988
215200989
215200990
215200991
215200992
215200993
215200994
215200995
215200996
215200997
215200998
215200999
215201000
215201001
215201002
215201004
215201005
215201007
215201009
215201010
215201011
215201012
215201013
215201014
215201016
215201017
215201018
215201019
215201020
215201021
215201022
215201026
215201027
215201028
215201029
215201030
215201031
215201033
215201035
215201036
215201037
215201038
215201039
215201040
215201041
215201042
215201043
215201044
215201046
215201047
215201048
215201049
215201050
215201051
215201052
215201053
215201054
215201055
215201057
215201058
215201059
215201060
215201061
215201062
215201063
215201064
215201065
215201066
215201067
215201068
215201069
215201070
215201071
215201072
215201073
215201074
215201075
215201077
215201079
215201080
215201081
215201082
215201083
215201084
215201085
215201086
215201087
215201088
215201090
215201091
215201093
215201094
215201096
215201097
215201098
215201099
215201100
215201101
215201102
215201103
215201105
215201106
215201107
215201108
215201109
215201110
215201111
215201112
215201113
215201114
215201115
215201116
215201117
215201119
215201120
215201121
215201122
215201123
215201124
215201125
215201128
215201129
215201130
215201131
215201132
215201133
215201134
215201137
215201138
215201140
215201141
215201142
215201144
215201145
215201146
215201147
215201148
215201149
215201150
215201151
215201152
215201153
215201154
215201155
215201156
215201157
215201158
215201159
215201161
215201162
215201163
215201164
215201165
215201166
215201167
215201168
215201170
215201171
215201172
215201173
215201174
215201175
215201176
215201177
215201178
215201180
215201181
215201182
215201183
215201184
215201185
215201186
215201187
215201188
215201189
215201190
215201191
215201192
215201193
215201203
215201206
215201207
215300003
215300004
215300005
215300006
215300007
215300008
215300009
215300010
215300011
215300012
215300013